9474, 0.83, 0.9605581684329741
11414.457831325302
memory_pars: [0.06734786, 36.8887259, 0.00094940293]
cpu_pars: [0.6734786, 0.218887259, 0.34940293]
inter_arrival_mean: 5
