12353, 8.0, 2.509143166266076
1544.125
memory_pars: [0.067, 26, 0.00065]
cpu_pars: [1.6, 21, 0.39]
inter_arrival_mean: 3
