32743, 1.32, 0.9924182653646222
24805.30303030303
memory_pars: [0.0001, 26, 0.00017]
cpu_pars: [0.6, 1, 0.855]
inter_arrival_mean: 2
