1150, 7.47, 1.2687479877012915
153.9491298527443
memory_pars: [12.6734786, 1.18887259, 1e-05]
cpu_pars: [1, 23.8887259, 0.5]
inter_arrival_mean: 2
