8510, 0.83, 1.0627389954117266
10253.012048192772
memory_pars: [0.06734786, 36.8887259, 0.00094940293]
cpu_pars: [0.6734786, 0.218887259, 0.34940293]
inter_arrival_mean: 5
