3508, 2.91, 1.5709890585762323
1205.4982817869416
memory_pars: [1, 20, 0.00125]
cpu_pars: [1, 12, 0.855]
inter_arrival_mean: 2
