224, 7.47, 1.269750846203011
29.98661311914324
memory_pars: [12.6734786, 1.18887259, 1e-05]
cpu_pars: [1, 23.8887259, 0.5]
inter_arrival_mean: 2
