3848, 2.91, 1.4480837109859277
1322.3367697594501
memory_pars: [1, 20, 0.00125]
cpu_pars: [1, 12, 0.855]
inter_arrival_mean: 2
