23705, 7.47, 1.4102175028764827
3173.360107095047
memory_pars: [0.06734786, 36.8887259, 0.00034940293]
cpu_pars: [1, 23.8887259, 0.5]
inter_arrival_mean: 5
