24051, 7.47, 1.3899226107393963
3219.678714859438
memory_pars: [0.06734786, 36.8887259, 0.00034940293]
cpu_pars: [1, 23.8887259, 0.5]
inter_arrival_mean: 5
