32762, 1.32, 0.9892208018582681
24819.696969696968
memory_pars: [0.0001, 26, 0.00017]
cpu_pars: [0.6, 1, 0.855]
inter_arrival_mean: 2
